3
"cos(cone angle)" "" "cos(cone angle)" ""
"Opening angle" "" "cos(cone angle)" ""
"bin number" "bin number" "" ""
3
"events"
1 0 50 0 0.02 0.041 0.061 0.082 0.102 0.122 0.143 0.163 0.184 0.204 0.224 0.245 0.265 0.286 0.306 0.327 0.347 0.367 0.388 0.408 0.429 0.449 0.469 0.49 0.51 0.531 0.551 0.571 0.592 0.612 0.633 0.653 0.673 0.694 0.714 0.735 0.755 0.776 0.796 0.816 0.837 0.857 0.878 0.898 0.918 0.939 0.959 0.98 1
0
49
0 1 1
1 1 2
2 1 3
3 1 4
4 1 5
5 1 6
6 1 7
7 1 8
8 1 9
9 1 10
10 1 11
11 1 12
12 1 13
13 1 14
14 1 15
15 1 16
16 1 17
17 1 18
18 1 19
19 1 20
20 1 21
21 1 22
22 1 23
23 1 24
24 1 25
25 1 26
26 1 27
27 1 28
28 1 29
29 1 30
30 1 31
31 1 32
32 1 33
33 1 34
34 1 35
35 1 36
36 1 37
37 1 38
38 1 39
39 1 40
40 1 41
41 1 42
42 1 43
43 1 44
44 1 45
45 1 46
46 1 47
47 1 48
48 1 49
"events"
1 1 100 0 0.01 0.02 0.03 0.04 0.051 0.061 0.071 0.081 0.091 0.101 0.111 0.121 0.131 0.141 0.152 0.162 0.172 0.182 0.192 0.202 0.212 0.222 0.232 0.242 0.253 0.263 0.273 0.283 0.293 0.303 0.313 0.323 0.333 0.343 0.354 0.364 0.374 0.384 0.394 0.404 0.414 0.424 0.434 0.444 0.455 0.465 0.475 0.485 0.495 0.505 0.515 0.525 0.535 0.545 0.556 0.566 0.576 0.586 0.596 0.606 0.616 0.626 0.636 0.646 0.657 0.667 0.677 0.687 0.697 0.707 0.717 0.727 0.737 0.747 0.758 0.768 0.778 0.788 0.798 0.808 0.818 0.828 0.838 0.848 0.859 0.869 0.879 0.889 0.899 0.909 0.919 0.929 0.939 0.949 0.96 0.97 0.98 0.99 1
0
99
49 1 1
50 1 2
51 1 3
52 1 4
53 1 5
54 1 6
55 1 7
56 1 8
57 1 9
58 1 10
59 1 11
60 1 12
61 1 13
62 1 14
63 1 15
64 1 16
65 1 17
66 1 18
67 1 19
68 1 20
69 1 21
70 1 22
71 1 23
72 1 24
73 1 25
74 1 26
75 1 27
76 1 28
77 1 29
78 1 30
79 1 31
80 1 32
81 1 33
82 1 34
83 1 35
84 1 36
85 1 37
86 1 38
87 1 39
88 1 40
89 1 41
90 1 42
91 1 43
92 1 44
93 1 45
94 1 46
95 1 47
96 1 48
97 1 49
98 1 50
99 1 51
100 1 52
101 1 53
102 1 54
103 1 55
104 1 56
105 1 57
106 1 58
107 1 59
108 1 60
109 1 61
110 1 62
111 1 63
112 1 64
113 1 65
114 1 66
115 1 67
116 1 68
117 1 69
118 1 70
119 1 71
120 1 72
121 1 73
122 1 74
123 1 75
124 1 76
125 1 77
126 1 78
127 1 79
128 1 80
129 1 81
130 1 82
131 1 83
132 1 84
133 1 85
134 1 86
135 1 87
136 1 88
137 1 89
138 1 90
139 1 91
140 1 92
141 1 93
142 1 94
143 1 95
144 1 96
145 1 97
146 1 98
147 1 99
"events"
1 2 149 0 1 2 3 4 5 6 7 8 9 10 11 12 13 14 15 16 17 18 19 20 21 22 23 24 25 26 27 28 29 30 31 32 33 34 35 36 37 38 39 40 41 42 43 44 45 46 47 48 49 50 51 52 53 54 55 56 57 58 59 60 61 62 63 64 65 66 67 68 69 70 71 72 73 74 75 76 77 78 79 80 81 82 83 84 85 86 87 88 89 90 91 92 93 94 95 96 97 98 99 100 101 102 103 104 105 106 107 108 109 110 111 112 113 114 115 116 117 118 119 120 121 122 123 124 125 126 127 128 129 130 131 132 133 134 135 136 137 138 139 140 141 142 143 144 145 146 147 148
0
148
0 1 1
1 1 2
2 1 3
3 1 4
4 1 5
5 1 6
6 1 7
7 1 8
8 1 9
9 1 10
10 1 11
11 1 12
12 1 13
13 1 14
14 1 15
15 1 16
16 1 17
17 1 18
18 1 19
19 1 20
20 1 21
21 1 22
22 1 23
23 1 24
24 1 25
25 1 26
26 1 27
27 1 28
28 1 29
29 1 30
30 1 31
31 1 32
32 1 33
33 1 34
34 1 35
35 1 36
36 1 37
37 1 38
38 1 39
39 1 40
40 1 41
41 1 42
42 1 43
43 1 44
44 1 45
45 1 46
46 1 47
47 1 48
48 1 49
49 1 50
50 1 51
51 1 52
52 1 53
53 1 54
54 1 55
55 1 56
56 1 57
57 1 58
58 1 59
59 1 60
60 1 61
61 1 62
62 1 63
63 1 64
64 1 65
65 1 66
66 1 67
67 1 68
68 1 69
69 1 70
70 1 71
71 1 72
72 1 73
73 1 74
74 1 75
75 1 76
76 1 77
77 1 78
78 1 79
79 1 80
80 1 81
81 1 82
82 1 83
83 1 84
84 1 85
85 1 86
86 1 87
87 1 88
88 1 89
89 1 90
90 1 91
91 1 92
92 1 93
93 1 94
94 1 95
95 1 96
96 1 97
97 1 98
98 1 99
99 1 100
100 1 101
101 1 102
102 1 103
103 1 104
104 1 105
105 1 106
106 1 107
107 1 108
108 1 109
109 1 110
110 1 111
111 1 112
112 1 113
113 1 114
114 1 115
115 1 116
116 1 117
117 1 118
118 1 119
119 1 120
120 1 121
121 1 122
122 1 123
123 1 124
124 1 125
125 1 126
126 1 127
127 1 128
128 1 129
129 1 130
130 1 131
131 1 132
132 1 133
133 1 134
134 1 135
135 1 136
136 1 137
137 1 138
138 1 139
139 1 140
140 1 141
141 1 142
142 1 143
143 1 144
144 1 145
145 1 146
146 1 147
147 1 148